((("was" .
   [1 0 0])
  ("--------------" .
   [0 0 1 0 0 0 0 0 0 0 0 0 0 0])
  ("down" .
   [1 0 0 0])
  ("an" .
   [1 0])
  ("write" .
   [1 0 0 0 0])
  ("and" .
   [1 0 0])
  ("applications" .
   [1 0 0 0 0 0 0 0 0 0 0 0])
  ("number" .
   [1 0 0 0 0 0])
  ("last" .
   [1 0 0 0])
  ("True" .
   [1 0 0 0])
  ("products" .
   [1 0 0 0 0 0 0 0])
  ("list" .
   [2 0 0 0])
  ("results" .
   [2 0 0 0 0 0 0])
  ("int" .
   [1 0 0])
  ("defaultdict" .
   [0 0 0 0 0 0 0 0 0 0 1])
  ("zip" .
   [1 0 0])
  ("fit_transform" .
   [0 0 0 0 0 0 1 0 0 0 0 0 0])
  ("try" .
   [0 0 1])
  ("pdata" .
   [3 0 0 0 0])
  ("analyze" .
   [1 0 0 0 0 0 0])
  ("vectorizer" .
   [1 0 0 0 0 0 0 0 0 0])
  ("cv" .
   [2 0])
  ("labels_" .
   [2 0 0 0 0 0 0])
  ("data" .
   [3 0 0 0])
  ("km" .
   [5 0])
  ("print" .
   [5 0 0 0 0])
  ("pylab" .
   [1 0 0 0 0])
  ("matplotlib" .
   [0 0 0 0 0 0 0 1 0 0])
  ("matplotlib.pyplot" .
   [0 0 0 0 0 0 0 0 0 0 0 0 0 0 0 1 0])
  ("import" .
   [3 0 0 0 0 0])
  ("numpy" .
   [1 0 0 0 0])
  ("random" .
   [4 0 0 0 0 0])
  ("a" .
   [1])
  ("plt" .
   [2 0 0])
  ("plt.plot" .
   [1 0 0 0 0 0 0 0])
  ("plt.show" .
   [1 0 0 0 0 0 0 0])
  ("plt.scatter" .
   [1 0 0 0 0 0 0 0 0 0 0])
  ("public" .
   [2 0 0 0 0 0])
  ("static" .
   [1 0 0 0 0 0])
  ("Result" .
   [1 0 0 0 0 0])
  ("report" .
   [0 0 0 0 1 0])
  ("strictfp" .
   [0 0 0 0 0 0 0 1])
  ("Application" .
   [4 0 1 0 0 0 1 0 0 0 0])
  ("routes" .
   [3 0 1 0 0 0])
  ("open" .
   [1 0 0 0])
  ("loop" .
   [2 0 0 0])
  ("close-rectangle" .
   [0 0 0 0 1 0 0 0 0 0 0 0 0 0 0])))
